NAME	= scarps
DESCRIPTION	= 
UNIT	= 
DATAFORMAT	= FLOAT
DATAFILE_OFFSET	= 0
BYTEORDER_BIG	= FALSE
TOPTOBOTTOM	= FALSE
POSITION_XMIN	= 593309.0000000000
POSITION_YMIN	= 255688.0000000000
CELLCOUNT_X	= 1064
CELLCOUNT_Y	= 475
CELLSIZE	= 31.0000000000
Z_FACTOR	= 1.000000
Z_OFFSET	= 0.000000
NODATA_VALUE	= -99999.000000;-99999.000000
